1100  900  200  200 
1300  900  200  200 
1500  900  200  200 
1700  900  200  200 
50  900  200  200 
250  900  200  200 
450  900  200  200 
650  900  200  200 
650  1100  200  200 
50  1100  600  200 
50  1500  600  200 
1300  1100  600  200 
1300  1500  600  200 
1100  1500  200  450 
650  1500  200  450 
1700  1300  200  200 
50  1300  200  200 
750  0  450  450 
1200  300  200  200 
1400  350  200  200 
1600  400  200  200 
1800  550  150  150 
550  300  200  200 
350  350  200  200 
150  400  200  200 
0  550  150  150 
1100  1100  200  200 